Error on the Test Data:
Error :0.7322191675525515
Error :0.9269266964586977